596.207235
599.314130
600.510810
608.367754
604.605736
602.570759
597.464058
596.419503
593.794205
587.541314
583.048610
578.281930
575.387386
572.893171
570.035805
565.374754
557.703756
551.518746
547.924462
542.510954
534.327547
527.906539
521.980527
514.667659
514.326068
506.222313
499.989278
495.990679
496.196282
497.118335
496.127716
494.899685
501.900488
507.417932
508.345662
506.042342
502.390014
500.241434
496.812984
490.466573
489.004108
481.729349
484.199150
476.000900
480.867843
482.332108
483.728472
495.280075
498.749179
499.054178
499.117216
495.346906
496.042666
487.024264
480.034379
476.406854
471.605966
469.297448
466.234255
465.255888
455.591966
457.212181
460.985789
465.283804
464.224334
456.779574
452.174507
451.208382
448.788003
440.875540
434.726491
430.607260
423.118071
421.148288
419.555527
416.317375
409.988910
408.437192
406.082304
402.811583
398.532382
396.289289
393.778144
396.296211
390.280235
388.367241
380.037505
379.930065
379.292181
375.804466
374.836099
369.547478
368.705725
364.260881
372.292097
366.259661
364.854370
360.031616
358.247532
358.003801
357.232269
351.094310
348.422930
346.070107
345.241239
342.730807
344.849054
337.853873
336.919400
339.053128
337.287565
334.942124
330.873702
329.148184
324.828544
325.313655
326.718856
323.136588
320.241181
324.024083
320.931417
319.631495
318.190157
325.252491
322.018250
318.650185
312.363675
311.003786
314.409726
314.467401
311.530142
314.149110
316.301839
317.491196
321.396483
325.202949
321.518374
318.941040
319.115738
320.384635
320.480059
322.006490
319.265483
321.680532
321.901114
322.160984
321.657335
323.602165
322.922257
324.262934
324.889734
327.795223
335.097868
334.976440
337.051815
338.719062
343.224097
343.925848
349.288616
349.233368
348.421677
350.350953
349.313797
356.462615
358.340362
355.635525
360.122883
358.184643
357.404275
358.575499
358.822910
357.978241
359.711624
362.059321
362.675455
359.471375
359.210180
364.795118
365.298743
362.907560
367.875278
379.426329
379.955908
381.247152
385.680104
386.237774
393.484183
399.489845
401.997317
407.285963
409.265921
412.855822
420.445919
423.127471
434.037628
437.815646
442.245374
446.580953
450.518501
457.114758
460.734743
464.229654
466.225909
471.897391
475.759181
486.814357
489.813150
498.401066
499.566205
508.323888
515.607444
517.729080
526.723371
534.529986
538.876712
539.824605
548.032120
555.938772
560.658960
565.950902
574.793293
579.498795
587.272783
590.449827
601.047122
608.248582
602.220060
603.084146
602.706249
605.247886
612.702852
619.200254
625.901422
630.424949
635.168374
640.307325
639.854973
647.736175
648.611501
650.897179
655.874880
660.089542
664.291741
663.179352
672.857592
674.997701
678.857524
684.855322
683.905466
686.599371
690.458630
690.408246
692.770868
694.003798
689.636002
695.713989
700.297399
701.277018
701.564086
701.018137
699.773050
704.554704
706.156514
712.062771
707.292154
714.849067
717.345979
723.446626
720.298547
712.289185
721.625251
725.407650
727.444061
730.232170
727.760262
732.041603
733.117009
732.210452
737.541297
737.593918
735.751990
725.600946
728.811501
734.547791
739.798203
742.437339
741.096695
738.073756
736.097512
736.451587
740.461964
739.178821
742.545675
743.953560
744.392483
742.799645
743.272093
746.423353
745.894965
745.784056
746.245907
744.335147
739.723514
742.777779
744.753639
745.821395
744.000088
747.346231
746.650338
748.416865
749.051980
748.627681
747.871998
746.238134
746.357775
751.249642
747.668277
747.118078
745.510460
748.143392
753.690198
755.478902
766.362846
772.435770
771.820471
770.796889
772.292454
768.445390
767.335687
769.733589
765.978743
762.623643
766.806871
766.105766
767.547345
767.013184
770.032809
770.554361
771.899069
773.051725
762.180080
758.548836
760.021145
760.200103
758.389938
757.075135
760.587922
760.617892
758.732285
763.028969
761.075560
764.494985
760.760827
756.604763
757.469471
759.252398
756.248616
754.807550
751.041996
747.906414
740.473937
723.160982
712.824766
708.996052
707.371908
703.245839
701.792524
700.532448
699.986511
692.266320
695.971179
690.023752
686.494968
675.229647
682.678289
680.106860
688.095417
705.158307
711.289217
717.441941
718.967068
712.330315
712.265393
705.060161
699.157821
697.175994
693.561963
690.508539
690.093032
683.006077
680.861151
684.812977
687.344961
694.418952
696.612361
701.121159
701.006290
706.857135
704.062635
705.251987
706.321814
704.189078
700.930759
707.880118
703.560716
701.429206
701.999515
704.572021
708.970281
711.997801
696.757096
693.381113
721.006286
716.807944
716.553172
718.469866
714.808827
712.613549
707.905861
709.909630
708.209265
709.994043
708.810164
713.362983
712.920430
709.624852
703.206205
708.893411
704.288357
703.818424
703.911832
700.767287
711.774144
700.561541
693.523673
693.504400
697.487157
695.198171
682.346502
628.283377
637.731782
632.320831
627.680762
629.575192
626.421421
622.727062
623.148470
620.423927
618.489564
620.599455
619.948260
617.436099
613.796357
613.020675
615.284414
612.139394
613.236290
610.229079
613.232607
606.507114
610.713833
608.211216
605.576575
601.960574
607.209792
599.272733
600.886214
597.166806
602.599187
599.713268
603.604235
603.545861
613.654677
610.730207
592.274372
593.217844
588.049382
588.031995
584.620076
585.091967
582.736938
578.415554
577.048214
574.675811
574.392596
573.998530
571.295305
571.485734
574.557167
583.967189
596.037746
610.326506
621.001006
629.064633
625.554895
608.164780
580.047682
559.302945
556.136310
567.948011
553.984840
560.169511
557.225174
559.776320
559.516608
562.119590
557.883294
562.106901
555.801663
555.014084
551.647881
547.968783
544.348990
542.844711
538.298564
539.041048
535.470621
536.841238
540.488161
539.736264
541.348618
539.135425
533.225560
537.169947
533.822987
533.895756
529.734932
533.821621
527.505945
519.360710
522.607459
525.553130
524.112931
522.382396
524.113614
520.238405
520.689289
523.230402
524.264617
524.829997
522.302226
521.607252
517.041532
516.244462
515.907869
515.296436
517.638099
521.814970
536.716032
522.543602
520.575546
519.395195
520.430721
517.410638
520.304920
520.750297
524.309181
528.309656
532.335295
535.513756
532.844809
536.138303
535.570254
537.793507
536.769278
543.022365
538.654828
543.605649
541.822843
545.563092
542.627948
540.826994
539.440824
534.017653
535.892279
535.441433
530.924580
529.150163
524.122401
523.707553
517.310157
516.092613
519.294350
520.114808
521.656452
522.789007
518.892483
513.520740
513.213289
511.303021
509.369344
500.402207
497.775975
498.758806
497.914412
489.516316
543.105282
503.819774
493.693715
490.690721
490.409801
491.051212
494.596404
495.386919
480.962212
488.121467
475.017186
528.459306
487.354732
470.392103
470.116029
464.281842
465.572206
463.545653
466.461993
461.146153
459.511008
456.896081
456.806914
451.674305
457.665955
451.530928
453.555786
448.858355
445.898844
454.228498
495.115531
490.570968
489.753515
488.367187
487.654011
483.189693
478.357514
485.945852
491.056912
489.068989
487.132638
480.210689
472.486345
474.135882
472.330588
469.801231
469.786098
464.072982
459.921345
459.604206
447.370078
452.367453
449.567764
448.376203
450.385600
446.665620
447.906465
444.904303
445.903704
448.673433
452.381672
450.556018
474.850580
478.829133
481.327529
483.242196
481.653648
490.780078
490.077618
492.409765
495.549978
501.374874
498.036839
498.545560
496.912737
496.788392
492.287977
492.520523
496.617675
499.357937
514.647647
545.123128
557.688457
562.430241
568.142466
566.608730
569.154366
572.451147
572.001134
569.773080
571.825861
570.588783
566.198602
566.724610
568.294711
567.639079
582.524480
587.067447
588.861496
591.522328
592.309092
593.495749
593.396898
586.270901
585.986016
582.482005
577.736795
577.912740
575.675957
578.991448
586.730801
608.920767
607.895039
608.026635
609.303031
610.470723
608.552810
603.674652
601.291857
598.768234
594.980339
593.309479
589.038656
587.768623
584.873638
584.591242
585.129621
587.952586
580.477230
585.941970
584.190947
576.130670
574.995048
566.783789
565.429439
561.234946
558.026374
553.615193
539.407172
535.345784
526.664896
531.206848
533.205043
530.977950
523.439254
518.614392
515.140169
505.251211
502.523899
497.692823
491.179960
484.851003
481.115616
480.142906
474.958413
476.186420
484.438690
489.951566
490.290220
491.531050
485.603017
485.170550
482.775890
473.639532
471.454301
468.271479
464.098749
463.176734
458.817556
458.487764
463.149702
470.213542
477.097161
478.589041
478.068395
472.576256
469.886857
465.450763
460.012005
457.058019
456.991728
450.588416
448.033278
442.322050
437.103570
437.246717
437.587127
438.231996
433.688673
433.452243
431.406136
428.171486
424.606544
422.036320
414.439457
412.992450
408.566446
403.998749
398.268317
397.819085
390.046564
390.938835
385.097134
391.596568
386.376452
385.301365
381.117836
379.134680
366.578793
366.507746
362.451335
359.587439
354.906276
354.140706
352.026210
350.641549
343.234086
337.316618
330.058795
348.739294
345.829667
340.304313
338.897339
337.705315
333.459173
330.582746
333.198991
329.354300
327.826176
325.380078
327.816143
327.842573
325.688556
325.179377
324.110424
322.233593
322.309416
323.065982
315.115379
312.264337
312.516835
308.977329
313.648855
309.099358
310.080224
309.654191
310.376861
311.873928
313.838341
311.688568
312.361207
308.257892
308.263382
307.558750
305.518182
306.451096
305.764985
307.691335
305.430581
302.718148
300.805538
304.038076
303.500204
301.724767
302.758431
304.544299
305.898977
304.897964
303.626220
304.195370
308.408024
306.446304
307.253114
308.931969
308.391329
314.854094
316.422724
319.228255
326.754125
328.120358
331.474689
336.971503
340.385108
337.572395
336.828765
339.269464
337.697807
340.757637
337.315099
341.297838
341.590918
345.276063
341.215040
347.989705
350.766751
347.010522
348.915371
348.267406
350.403798
351.749624
350.725907
352.153116
350.010308
355.103761
355.164676
357.429298
358.746805
363.516149
367.585898
375.820562
378.650821
390.749283
399.485042
403.205909
409.136934
416.651440
421.798164
419.450396
422.066085
426.765837
428.959121
430.767094
440.308275
444.656434
447.300827
450.925698
452.552893
463.186329
474.124772
479.357946
475.818709
492.047303
495.424740
499.786517
512.997470
516.248012
526.263947
527.989955
545.142444
550.770613
552.813211
554.146666
559.919924
566.694790
577.955602
580.181769
588.480089
594.449271
594.638260
604.142413
603.879493
601.754275
602.103798
608.168624
614.508351
618.099291
614.215769
619.194452
622.870213
624.512330
626.795418
633.308940
632.226277
640.091543
643.137308
649.007922
654.566623
656.400905
651.894115
661.439754
662.973242
670.293204
668.234933
676.000204
681.139699
684.161639
686.051891
691.626678
690.798711
688.411435
698.719029
700.274560
700.276686
701.072147
702.466027
704.222561
705.804303
706.244973
707.601513
704.462992
708.452968
708.180520
709.993776
709.048686
713.453196
705.949589
713.581878
716.791386
717.222628
717.009732
720.565151
720.402474
725.308702
722.690132
725.437596
718.188595
717.972333
723.004981
718.867198
726.942518
723.328446
724.857791
716.961033
720.074126
712.525590
720.559411
722.809682
719.537669
719.382502
725.348397
725.066202
723.524651
723.668105
726.369219
727.049377
726.065409
732.264666
728.554880
722.963463
724.007915
724.330334
726.051709
725.943706
722.663680
720.937283
722.683915
726.029072
722.728782
720.053261
723.057992
718.241118
719.776287
723.209364
723.534739
720.614427
715.463497
716.159375
722.035936
714.893676
719.094308
718.641953
720.779644
718.890463
718.373634
716.805253
714.020363
713.572545
716.835372
718.587497
714.123672
716.488856
716.855060
722.917434
718.975660
722.975914
722.938976
723.566955
730.049700
730.539312
733.016056
731.205986
726.761347
728.199226
727.910149
731.343715
725.982486
725.498561
725.724191
725.347600
723.545906
726.043309
725.367959
718.991532
715.903858
713.318503
697.171070
694.395950
689.603455
680.748481
678.814906
672.301197
678.978587
676.439618
676.331269
672.059763
671.830180
667.088748
662.308729
660.949612
659.798455
662.618238
677.441153
691.105351
694.485433
696.409513
690.787486
692.480243
689.693813
687.435729
688.010600
685.741700
681.860853
677.658319
673.218113
671.845387
678.357793
679.964875
689.047289
685.206947
687.072285
684.957047
691.028563
688.365117
691.311508
689.476535
689.731555
687.973709
687.096145
681.081716
679.631783
674.023252
680.482815
682.945088
685.314527
686.323729
687.656651
684.909621
684.031247
680.538856
680.865842
675.124206
677.965826
674.999131
676.060306
670.681726
672.874338
674.368060
674.374232
672.010068
675.474320
668.384215
673.466399
673.497813
670.586435
668.865574
669.137770
672.478998
664.897653
666.475735
662.341029
659.212395
655.322834
653.651963
652.076590
647.695995
644.593869
645.830853
644.723435
646.324842
640.429549
635.309288
638.940614
636.418450
634.250135
629.213177
629.562096
629.512901
628.581525
622.196269
626.143261
624.075799
622.249025
619.585714
619.771111
616.058097
619.099015
612.414302
611.200727
612.516062
608.222334
606.308042
605.554039
607.752958
601.421727
597.609809
600.820967
597.541633
598.351789
599.461746
595.438070
593.064496
593.601431
592.497005
590.824117
589.635588
582.746405
578.288738
577.547504
575.423668
567.934880
566.850948
555.967120
564.096991
567.593835
558.513761
548.770651
565.054302
558.164664
563.326372
551.261603
561.463503
544.178932
554.311657
551.235401
550.643220
551.568384
537.702395
545.332261
550.884530
548.919325
549.366725
553.495800
515.723216
533.722093
539.210618
532.862242
514.969437
534.787232
523.598852
520.704188
530.428699
528.587653
524.628168
513.401068
531.018259
533.855846
523.874201
532.319097
532.530892
530.760067
509.660811
527.698740
532.221414
531.905162
518.249029
522.578140
510.032059
522.831576
512.099158
515.614841
502.053844
517.447765
510.124610
523.421820
527.498009
518.137514
525.036315
515.775802
518.329565
524.226969
513.821241
516.484436
515.976750
515.772992
516.934622
523.174540
525.231167
519.556983
505.508113
517.720141
523.815649
510.880449
518.180771
520.602194
523.361698
526.288074
530.175694
525.690024
520.843587
533.341541
524.575502
521.585970
521.777119
525.742050
540.116740
528.447746
517.743194
529.820886
523.016019
516.546603
526.746561
518.384495
525.872975
504.774602
499.871485
514.563485
510.806177
512.139501
522.632618
506.384815
506.286183
515.655936
511.047716
507.309418
500.928081
484.633162
473.387162
491.854497
481.536664
483.702399
477.025482
481.324648
482.390562
472.958968
485.845835
475.151656
468.412684
467.193987
479.378655
478.620809
473.770509
473.471757
470.935262
465.912780
455.157513
471.028484
463.852924
452.488924
462.801899
454.421555
443.827162
461.734619
440.071623
446.634961
456.209361
450.200222
434.091759
453.950260
437.331417
448.463685
425.096077
420.897555
442.600914
432.891757
425.473291
421.498902
426.546899
435.214717
439.751439
436.017231
427.726424
417.354305
418.585053
441.526797
422.642514
428.385051
432.509595
430.859568
425.218512
427.208760
434.896891
423.127009
419.659956
440.113103
433.962670
428.741285
428.755815
437.081151
427.214721
438.478104
438.653395
446.436846
417.755666
430.809489
434.714830
428.905275
423.041148
451.518545
457.598464
435.684387
436.782045
441.193366
444.420333
446.464350
432.034826
440.853867
443.050753
437.415928
457.779605
461.111262
466.674039
501.154491
520.225266
522.607738
546.566043
538.363206
543.138027
559.978852
556.459243
546.451305
546.087551
546.607473
546.309356
536.399553
537.220355
550.595401
557.671438
578.604612
573.525947
572.384601
583.251908
575.095947
573.839116
557.883259
573.944215
573.433313
563.418413
549.797265
546.631756
561.805307
548.026991
599.419294
612.939637
612.828603
578.675589
594.456620
560.216609
522.870681
510.771783
513.322224
524.798290
543.756827
562.412892
575.358398
571.883757
573.502928
577.997250
573.350626
557.266348
589.433618
569.255207
569.089000
555.749253
558.028220
551.489966
530.963965
534.424925
535.416348
527.689991
519.614061
523.115365
504.943799
498.057771
500.294309
491.408773
481.348641
479.652919
463.404238
471.538502
466.253372
453.906798
442.853676
439.268210
445.121018
452.598679
422.936883
434.905145
446.360574
438.472041
440.570215
440.427794
434.272213
437.348975
451.581082
439.787615
437.458561
417.228796
405.394901
409.005099
400.198522
415.535565
421.888476
421.872814
418.229952
441.739180
440.431297
435.012587
428.195940
437.733328
420.648209
419.915570
400.872107
407.413310
397.530388
378.464759
382.982426
386.956574
388.697978
380.211708
406.450960
399.116912
387.687218
376.792980
366.872372
350.408092
347.721421
329.207514
345.136453
360.429845
343.385922
327.179896
332.867991
341.936147
327.011977
327.649509
304.376261
327.716118
328.826488
322.144794
321.135447
316.882257
313.071294
291.459494
299.991709
294.817302
295.812271
289.278120
274.083684
279.903989
270.155630
267.715250
258.640053
260.787184
258.825058
262.065001
262.226745
252.990040
258.439027
240.600582
248.080425
248.759423
241.709624
240.957605
227.985898
221.179874
234.575792
232.131556
223.222116
226.622867
220.646975
229.238306
225.329429
224.359370
236.691680
228.949083
215.954038
216.751915
223.149042
207.292275
207.154158
216.559143
216.662089
219.461144
218.176204
208.476704
218.758115
211.801476
217.024785
217.159586
207.450806
216.559706
214.158800
209.221999
190.103056
206.602907
196.639164
205.027077
201.794559
190.774836
188.580696
205.356106
197.436721
188.537696
187.586924
198.400736
189.025502
188.887349
202.434025
206.047132
204.405714
191.046914
196.842871
210.657100
195.093120
208.863889
201.509453
198.970262
201.628057
204.696107
196.364392
197.881169
196.176579
206.291488
191.552243
183.572610
186.008087
194.727861
196.929923
181.229597
192.475391
182.439411
181.552951
193.757523
189.993588
182.014865
186.516981
200.233937
183.067077
188.737023
198.053389
186.502384
183.023301
185.973730
198.246504
194.672802
194.127370
202.853265
192.815375
196.297309
210.443832
210.073817
205.486534
219.052931
215.061813
219.474321
207.848411
221.120450
216.208524
214.646358
221.974442
237.853662
230.202779
232.627071
234.964971
237.187299
238.522462
239.942498
254.244976
238.193283
244.118741
265.775569
260.718953
272.294934
253.209801
280.370679
265.956419
273.837582
277.850896
290.032516
286.646207
303.353633
268.941697
269.882726
275.465349
291.584816
284.456473
283.549833
290.649206
301.273135
301.545337
297.416853
313.273568
328.901767
323.119953
330.199888
330.532428
314.610763
329.532031
327.340438
321.643723
325.575506
333.386509
340.617921
343.584439
339.831386
353.474529
345.165128
339.968593
353.570127
369.599628
351.660241
353.278777
375.114182
365.349345
367.049612
385.539798
386.530574
377.691886
373.887100
393.525351
375.212975
379.291187
386.199564
385.788485
386.140740
386.207621
419.537794
358.714309
441.551813
451.513752
457.150644
458.562264
450.486653
451.693405
451.347983
457.472247
450.633187
455.585887
455.999703
458.976822
463.817650
459.411912
462.969747
459.778747
461.507085
465.713264
463.387075
464.968225
467.190444
466.033383
469.426870
464.507095
465.061755
464.830117
462.355003
460.001329
465.443362
460.914988
462.479357
460.587254
461.296003
465.658099
468.160022
467.799044
468.726361
467.358537
469.745501
467.592202
466.265195
468.098518
469.053302
466.460639
465.922807
465.895597
459.817423
465.884531
467.536874
464.790541
463.566750
464.821929
464.994390
463.751342
466.770780
467.148325
468.730921
466.051376
471.874177
469.266169
466.416679
460.106369
462.055888
456.823243
459.312574
460.047746
460.601448
464.746900
459.099457
457.041830
459.025860
463.552457
462.927499
461.359710
460.196210
457.347710
454.642753
457.595821
460.994334
460.606815
459.833672
460.221227
460.351757
463.548291
460.223220
463.951873
462.181063
461.279956
460.361991
458.918360
457.939321
462.176701
452.756037
452.958568
452.572837
453.784022
444.781038
445.117029
443.119285
439.760382
443.100658
448.078421
453.656810
463.669200
474.790557
481.657715
485.401980
485.902587
482.891277
476.993978
472.219233
472.264043
467.568003
463.528253
454.833611
456.264124
449.994495
451.608651
452.583405
457.708517
454.855624
455.259541
453.052006
446.642385
444.448331
444.187342
441.094216
442.106734
434.598333
431.804468
435.964077
430.930530
429.355461
427.148790
431.132036
422.534728
424.202147
420.909914
421.407560
413.602413
410.707343
408.528786
407.904390
413.019226
407.397925
402.306657
403.099290
398.668543
401.988582
401.499498
399.106997
392.679905
398.759018
394.863896
392.791935
392.880581
388.616072
392.736695
392.418211
392.597726
390.098242
390.649072
386.574916
378.039576
371.188085
371.131433
370.190294
363.915780
363.054677
361.342662
357.151343
355.262989
353.492812
355.379951
357.606022
354.512998
353.256515
346.403488
345.162216
341.237476
336.439440
336.192909
331.612312
332.563118
332.682472
328.557652
326.832722
326.310914
322.731476
321.707936
320.700548
316.566833
320.672322
316.755787
315.760333
313.767641
314.659792
312.657639
313.189489
303.433255
308.676555
304.610852
305.646043
306.932655
300.106757
299.193028
298.957453
296.057229
297.349041
292.051328
293.404153
293.305446
292.465110
296.731237
294.340827
292.922531
298.285310
293.527970
288.768789
287.913468
286.633678
282.414135
282.700842
281.889455
281.240658
278.885222
281.641700
278.343384
278.703739
275.784760
279.073947
283.413097
278.597074
281.127912
279.207941
279.433361
281.035502
277.682141
280.312846
278.038812
276.095250
277.371045
276.483468
277.710919
275.693692
281.912097
285.372089
284.145492
281.567460
281.613359
280.816478
277.799421
280.324617
280.961403
282.165996
282.225300
280.194952
283.078031
276.604530
277.533028
276.322505
276.913760
276.330402
275.426727
277.384242
276.038774
275.592589
275.133065
279.715507
279.170808
278.069058
281.237788
281.082064
284.399476
279.727746
285.057103
285.725430
287.328917
287.832709
288.063250
291.883120
294.846771
297.656875
299.702671
297.586815
301.137399
301.268576
301.402931
304.445653
305.219491
304.984676
306.698896
303.144560
306.483071
313.058981
314.282463
315.299239
314.295347
312.175198
311.868564
309.996685
314.164957
312.681939
310.918437
310.118856
313.087604
308.720230
309.609618
312.512332
311.668473
309.836728
302.856797
305.821308
309.474346
307.829212
309.097744
305.973402
304.409988
297.149160
298.257935
300.444070
294.811621
297.799774
297.866389
296.603412
296.448494
294.176881
292.717606
294.180516
297.322660
294.448970
295.973906
291.789472
291.106022
1.462278
-0.478374
0.098439
-0.443808
0.894740
-1.672170
0.445660
0.621746
-1.284310
-0.177276
-1.243013
1.445679
1.172091
0.331910
-0.365095
-0.746822
-0.328838
0.359891
0.447313
0.239058
-2.020140
-0.044799
-0.383444
-1.550983
0.128210
0.097148
1.077201
-2.453247
-1.662509
-3.643790
0.552104
-0.769321
-1.695273
0.797235
-0.813328
-0.691800
-0.124971
-2.906551
-1.775449
-0.816090
1.046603
-2.310757
-1.119659
1.823297
3.369887
3.454340
2.406829
-1.042136
0.198529
2.334339
-3.039342
-2.047053
1.821068
-1.231817
0.963504
-1.549363
-0.696167
1.172090
-0.882387
-1.153806
-2.567539
-0.594121
-0.240537
0.290488
1.968116
0.832525
-1.266446
0.819525
-0.853588
1.894577
-0.338231
-1.791319
-2.331608
0.717318
-0.634408
-3.347673
-1.439033
-1.019892
-1.891637
1.400528
0.073312
-0.186735
0.662006
1.700721
0.752596
1.988849
-0.655607
1.513832
0.510343
-0.274997
-0.101753
1.391281
-3.308258
-1.321900
-1.330026
-0.919028
-0.577467
0.821567
1.924969
0.521105
4.124830
2.997066
-0.333390
0.524457
1.860280
0.149602
-1.412426
-1.842258
0.196227
-1.745245
0.022281
3.653149
-1.862314
-3.169752
-0.033534
0.692578
-0.388040
1.148966
0.731894
2.059285
-2.552571
0.516421
2.103006
0.601483
-0.694355
0.828831
-0.386278
-3.326871
0.037224
-3.138612
-1.545535
-0.960858
-0.638285
-0.574774
-1.338232
-2.287604
-0.112941
0.776388
0.374074
-1.052614
-0.125238
-0.463523
-0.626466
0.333959
0.246635
-1.191564
-1.023321
-2.562123
-0.309040
-1.112886
3.086592
-5.486826
-0.250285
-2.129098
-1.206632
0.210083
0.924414
-3.393254
0.264411
1.874531
2.348006
1.055876
0.482760
0.370163
0.707118
3.585735
0.624687
-0.923235
-0.448265
0.357754
0.274873
0.818925
-0.001827
1.065109
1.054598
2.591411
1.185704
2.531196
-0.577613
-0.386765
1.774538
0.770718
-0.008377
-0.929570
1.505569
0.193980
0.056035
-0.950051
2.212036
1.700845
-0.302909
0.734445
1.804839
-0.080488
-0.145328
0.823469
1.292057
0.057322
-0.203014
3.059154
3.164383
0.388842
-0.049538
-1.167551
1.014840
2.229035
-1.104237
-2.505880
-0.029016
-1.043476
2.673948
-2.360284
1.147977
-1.890253
2.308664
0.055190
-0.858369
-1.491503
-0.050341
-0.263416
-0.135563
0.990249
-0.663550
-1.102188
-2.831410
1.798808
-3.073328
0.440448
-0.126684
-1.203354
-0.779876
0.089649
-0.503869
-1.307516
1.070608
-1.618174
-5.408328
2.097208
-1.005776
-0.468423
0.136245
0.055247
-2.841543
2.021706
0.199311
-1.222396
-2.901650
-0.214293
0.904323
-1.388595
0.500070
2.191814
0.421334
-2.967393
-1.010271
-1.122547
-1.617831
0.726347
1.969931
0.142907
0.265988
-1.331099
1.595001
2.163832
-0.117067
-0.566164
-2.843756
-0.084835
2.285267
0.880959
0.718175
-1.386436
0.977002
-1.188495
0.814497
0.195203
-1.620833
-0.216048
2.113407
-1.946132
1.504815
-2.504178
0.417919
-0.385584
-1.105808
2.055431
-0.659041
0.173372
-0.624990
-3.329475
-0.283344
1.277420
0.666611
-0.039893
0.628084
-0.058032
1.148936
-0.342550
0.678121
0.998073
0.216976
0.164656
-0.691615
0.436962
-0.345150
-0.857897
-1.081586
0.198366
-1.180523
-1.052648
0.070560
1.656599
0.973952
1.868014
-0.797003
1.177813
-0.699932
-0.072906
-1.126768
0.147685
0.701536
-0.606480
-1.090392
-0.466779
0.255461
-1.006392
1.183603
1.056278
-1.262238
2.045188
2.844067
-0.212127
0.592515
0.114824
0.859372
-1.625449
1.091343
-1.918642
-1.494253
0.297596
-4.369963
-1.976871
-0.888568
-1.336416
-1.147130
-0.841456
0.696428
0.644683
-0.651526
0.228504
-3.196682
0.603834
-0.692987
-2.444783
-0.488009
-1.485220
1.670234
-0.719990
0.017117
-0.759294
2.262796
2.172017
-0.621575
-1.382447
-0.174766
-1.731096
-2.828470
1.318146
1.340577
0.638117
-0.747880
-0.233372
-1.801516
-0.572222
0.136731
-0.150755
-1.583524
0.001292
-1.302496
1.980715
-2.248562
-0.081002
0.430566
0.704364
-0.569428
4.069953
-0.538164
-1.334567
-0.584703
1.960309
0.919699
-0.391780
-1.071554
0.055349
-1.043223
-2.437021
0.665908
-0.683539
1.768341
-1.740161
-4.453277
2.827198
0.912925
2.688033
-0.940115
-0.670851
2.307583
0.258545
-2.110323
7.442582
0.441583
5.357771
-3.131008
0.257083
1.661265
1.081812
-0.359494
-0.870536
2.374738
-1.792184
1.824075
-2.076493
0.362912
-0.138609
-2.130399
-1.476440
1.115250
0.100097
-1.472997
-1.064954
1.099797
-0.139087
-0.168370
0.804593
-0.604946
-2.177101
-1.472872
1.465862
-15.117726
2.731669
-4.130984
1.174761
-1.978011
-1.338604
-1.619783
2.557354
-0.644192
0.812349
-3.771697
1.570325
-0.886995
-0.032983
-0.333270
0.550667
-0.946222
-0.110004
2.144407
0.478820
-0.529399
-0.674279
-0.043090
-2.409520
0.115588
-0.291923
1.662187
1.006555
2.631731
0.435449
-0.706321
0.515939
-0.017027
0.658178
0.032596
-0.187925
2.364136
-0.566963
2.803170
-1.497800
-0.214176
0.041235
2.617842
1.284756
4.089178
-0.876656
-1.277824
-0.940066
-0.490592
2.644387
0.604518
-0.906501
2.227801
0.099271
-0.970297
1.558324
-0.608917
0.330666
0.296688
-0.659607
0.416651
-8.231797
3.230358
-0.457648
0.795949
-0.629097
0.339202
0.569658
1.271209
-2.909563
-0.650577
1.423467
-0.169057
0.210833
5.740599
-0.886934
-0.258916
0.764246
-2.966319
-0.090631
0.452690
0.664416
-0.776140
-3.151270
0.267173
-0.195863
0.119144
-1.377089
1.617950
-0.546340
2.354967
0.978477
-0.291113
3.088327
-0.772453
0.108275
-3.334505
-0.189082
-2.329915
-0.398093
-0.579537
-0.854225
2.105815
-1.324386
-1.820090
0.741253
-2.899740
1.018710
1.951014
-5.426480
4.224763
0.794045
1.301110
-0.566679
-0.079302
0.073045
-0.371189
-2.946148
-2.624687
-2.255878
0.408963
0.505037
-1.177668
0.105693
-1.876302
-2.042000
3.065734
-2.112146
0.661369
-3.709811
2.478855
1.339140
-1.305205
-1.270184
0.175290
0.633419
-0.290101
1.692259
-1.746016
-1.166050
-0.034066
-1.057659
-2.440424
1.883611
-2.002697
1.390574
0.420201
0.103990
0.283854
1.284351
-2.418278
-1.742227
-0.592039
0.523589
0.923366
-0.825343
2.320333
-18.347216
19.356671
1.955732
-0.989964
2.188784
1.146991
-1.778604
2.693883
-4.255696
1.264978
3.692297
-17.702762
14.016495
2.574652
0.532458
-0.986784
-2.264881
0.042000
-3.935095
-1.844458
2.688358
-0.313956
-1.245844
1.821903
1.220305
-2.467436
3.396090
-0.354031
-3.515376
0.292907
15.689298
-5.467676
-1.375935
1.237007
-0.491587
-0.594344
0.088730
-0.305568
2.534217
1.016701
-0.042232
3.159922
-0.285195
3.446413
1.979171
-0.304958
0.522956
0.286307
1.531705
-1.164813
-1.935971
-0.003098
-0.568048
-4.011435
-1.066371
0.784781
-4.278637
3.102363
-0.288918
0.409706
0.156130
0.836970
-8.740133
-1.067107
-0.535774
-0.075445
-6.140263
1.184347
-2.557885
1.099074
1.895817
-0.401479
0.724599
-0.365563
-0.829641
0.317530
1.066734
-0.183607
-0.105595
-1.546876
0.948469
0.859741
2.476574
-0.053144
-0.525461
1.656002
-4.471268
1.433961
-0.686174
-0.690556
2.358336
-0.802295
0.092863
-0.566374
1.822734
0.100045
2.258644
0.347718
-2.512585
-1.222338
-0.352466
0.791251
-1.109711
0.558853
1.617316
-1.061528
1.968126
3.332151
1.286205
-2.922237
-1.915455
0.054863
-0.289119
-0.425107
0.291400
0.300481
0.869181
-0.170867
-0.868288
-0.086449
0.094463
0.091599
0.454403
-1.170302
-0.468848
1.483280
-1.177005
1.471014
0.604672
0.374566
1.836733
-0.310474
-0.492393
-1.031146
-1.004453
1.270447
0.212182
-1.235453
-2.200901
3.280173
-0.300967
-2.663177
-1.664610
2.803570
-3.456504
0.370951
-0.337781
-3.931584
-0.755278
-2.311051
-0.328037
0.450265
1.829646
-2.478036
1.144971
-1.786753
-0.385602
0.883252
1.233043
-1.236531
0.198585
-0.152101
2.092040
1.237622
-0.430661
-0.810465
0.276296
-0.639573
-2.031251
1.352466
0.121801
0.694229
1.085807
1.404529
-1.004395
0.757588
-1.062309
-0.168746
0.115448
1.029995
-1.283973
-1.995282
0.800687
1.857149
0.079511
1.008827
0.739852
-0.754714
-1.861616
1.337636
-0.684909
-1.813526
-0.716124
0.401322
0.247147
-1.134968
-0.619965
0.843116
1.754400
-0.803464
1.896963
-2.004402
2.791993
2.746600
2.721435
1.884201
0.149593
0.923100
1.407151
-0.792959
-2.101654
-1.686392
-0.562600
1.168268
-0.468001
-1.807072
-1.485133
0.621735
-5.577586
6.267490
-0.322760
2.504579
1.695071
1.931151
-1.645587
-2.620422
-0.526547
1.445264
-1.233450
0.842684
-0.170348
-2.988453
2.358068
1.438199
1.077962
2.358772
-2.028653
-0.747746
-0.612293
1.837523
-2.041279
-0.178943
-2.586527
-1.632379
-1.448138
0.402634
0.494944
0.807669
-1.774015
-1.260142
-0.279260
3.485587
0.065549
0.350274
-0.174581
-2.830513
0.422560
-1.532602
0.700859
1.494858
1.694437
0.019915
-2.444574
0.355595
1.606683
1.006584
-0.375618
1.552634
-0.935740
3.968479
0.115718
-0.803380
0.181353
0.029431
0.370645
-2.413085
1.654911
-0.089077
2.001832
0.792169
1.442462
-3.240108
0.062059
1.686841
2.601491
0.711668
-0.291198
-0.905412
-0.824365
-1.043660
-0.537652
-2.979423
-1.879443
1.047883
-0.973754
-3.510967
-0.838025
0.903366
-3.025889
-0.758269
-1.315000
-1.387154
0.666946
1.690505
-0.273668
0.828743
-0.421881
0.588612
0.985603
1.118329
-1.416455
-1.796280
1.245023
1.087236
3.903553
-0.176360
0.676519
-1.671222
-1.001540
-2.330329
-0.258831
-0.265921
-2.371931
1.880025
1.721993
-2.330892
-1.345744
3.780091
0.810148
-1.099948
0.822652
0.108723
-0.744958
1.762791
1.017480
-1.237681
1.173156
-1.996703
1.362714
0.453012
-2.168722
1.406141
0.357172
1.452906
0.984897
0.768053
0.975030
-2.049359
3.035382
-0.629418
-0.584071
-0.315130
0.699916
0.625967
1.171333
-1.349503
0.188154
-0.474027
0.333017
0.787390
0.920069
-1.433503
1.237440
0.083503
-1.782164
0.183030
0.499227
1.075274
-1.053101
-2.092556
1.833776
0.672729
1.944780
0.049787
-1.099719
-0.255805
3.234756
1.277385
-1.846705
0.716412
-0.762182
-0.215701
-0.377639
1.778090
0.772709
0.528977
0.275149
-0.391252
-0.818420
2.774023
1.119234
1.562148
0.410889
1.748154
0.251720
-2.568616
3.179386
2.586120
-1.600971
-0.123876
-1.057718
0.424773
3.420518
-0.785401
-0.302269
-0.595169
-1.689939
-0.794883
0.655666
-2.166170
-1.468206
-4.141809
-0.139030
-1.775908
2.099993
-0.324080
-0.359736
-1.379188
-2.176792
0.028655
-0.452524
2.302919
0.913022
1.452502
-0.778648
-0.090304
0.146559
0.794954
-0.957091
0.446464
-0.985589
0.909468
-0.868779
0.316454
0.328854
0.729403
-0.035576
0.218936
0.681518
1.629296
0.242584
-1.148191
1.467264
-1.436558
1.547035
-0.933496
-0.286020
-0.594901
-0.342993
2.573373
-1.106887
-1.369013
2.702510
2.615767
-0.233057
0.548880
0.348406
-3.237784
-1.662868
0.795030
0.687858
-1.336503
-1.002355
0.168775
2.204498
0.100582
0.968943
1.310011
-0.753971
1.266959
0.868591
-2.872505
-0.658636
-1.251309
2.042893
0.785104
1.486246
1.195848
-0.548980
-0.011581
2.053199
1.518720
-1.523458
-0.415440
-2.162682
-3.431976
-0.335288
0.916136
-0.604635
-0.306980
-2.177809
0.807724
2.409669
1.744008
-1.145622
-1.602851
-1.489943
2.488069
0.480581
-0.335029
0.544314
-1.291775
-3.350313
2.246829
0.909581
-2.918654
1.722195
0.186232
-1.350474
-0.510035
-0.381511
2.025362
-0.015983
-0.262524
1.253879
-2.212726
-0.587412
-2.748695
0.235804
2.744399
-1.371087
2.385858
1.397311
0.976933
-3.068463
-0.119597
-0.146647
-0.421141
-0.560668
-1.274806
-0.186423
2.236175
2.174799
-0.895291
0.697229
-0.941433
3.321134
-0.580727
-1.508820
1.451628
2.395908
0.042548
2.345340
-1.241878
2.703608
2.055454
-1.298565
-1.166370
-0.366228
-2.000126
-2.252037
2.302917
0.038391
-2.247364
-2.046623
-1.483710
0.145756
-0.522958
1.604310
0.276139
-1.943153
0.154642
-0.196707
-1.207665
-0.636586
0.396409
1.006143
0.571635
0.465385
0.287539
0.183528
1.065087
2.675870
0.396628
-0.941258
-1.626623
-0.736315
-0.533426
-2.992352
1.985704
3.183506
-1.622730
-0.205924
0.533273
-0.469203
1.116358
0.616491
-0.710411
-0.175913
1.731199
-2.801973
2.508803
-1.521175
1.710703
-0.854578
2.222880
-1.413572
-1.666933
-1.271784
-0.002664
0.551251
0.166718
-1.789464
1.465821
-1.797442
-2.407231
-0.877850
1.276915
0.796910
-2.708865
-0.166880
5.190468
-6.810867
-1.041252
-3.200173
-4.186322
8.937592
-2.333017
-1.426928
-2.780810
6.746484
0.604955
-7.030823
-0.273792
-5.618810
1.363133
-4.169901
3.976810
2.008383
-1.775462
-0.475727
-0.721886
11.423939
7.806399
-0.270681
-1.284951
11.944735
-0.006800
-0.287970
-8.253629
-7.511730
-1.987322
-2.155457
-13.565976
1.550123
3.772715
-1.790386
-4.857407
-1.830666
-1.813277
-1.962632
9.287683
-3.897624
1.210142
-0.704385
-4.456704
-5.240970
-0.380953
6.078744
0.598259
-2.897179
-4.286625
2.002693
10.678069
1.564258
-5.185097
-0.805621
-7.867858
-4.251705
-1.002045
-8.538917
-7.029954
5.047584
6.684862
-6.245932
-6.977990
4.033543
0.698343
-12.538645
-0.510906
-7.419428
7.693906
-0.199072
-7.833065
-2.634447
-14.114857
0.480662
-9.052747
-2.590946
4.925537
-2.658812
0.495771
-5.201213
5.971900
5.869948
2.528707
-2.360627
-11.447431
-3.288222
-2.858652
2.550269
6.182134
-3.973927
4.131792
12.266339
4.392835
-9.462271
-8.264304
4.108426
3.831663
14.108240
-5.705085
0.495312
-9.075418
-2.615280
-20.895793
-7.331150
-3.895239
1.230871
4.762415
3.834631
2.817831
2.371017
-6.791196
-2.752706
5.851077
6.499552
-4.685661
4.053946
5.239415
-1.909339
-2.740881
-3.704131
6.466099
-10.418176
0.123427
4.197767
12.415829
9.168823
-3.207934
5.049190
-2.683837
2.528918
5.429379
-1.067787
4.566574
-1.185918
17.160124
4.401663
-10.430040
2.440439
10.088501
-5.181727
4.205459
4.715951
4.222392
10.177017
7.524065
-1.379534
2.652199
5.098182
7.447629
-8.933360
5.188559
6.000901
-3.123715
0.945566
5.761126
-3.864364
-6.313969
-0.642486
-11.612926
-1.885125
7.341937
-1.411414
0.826533
3.815392
3.886565
0.697565
-2.499254
3.414233
-0.186384
6.419246
13.545073
-11.111167
-4.527767
-2.009133
-10.343562
-3.350609
1.860490
4.211246
6.505006
-13.109682
-3.289011
9.872773
2.178415
-6.464940
-0.012560
3.894458
4.917484
-9.165832
-1.241087
5.562966
-4.529606
1.663420
14.241777
3.734625
3.756263
-2.361442
2.033265
-6.478516
15.162637
1.820234
-0.896801
-3.090721
4.512646
15.040708
-3.120869
2.598371
-12.973094
-3.945578
2.969636
8.188801
7.129029
-11.995497
-4.630347
4.233792
4.060584
7.826570
3.171387
-9.135362
1.229636
0.058240
-2.113592
-4.517429
0.223957
1.328026
-1.582271
-1.773918
-0.501436
-0.570525
1.472189
-0.351510
-0.610708
1.159536
-2.373191
-11.177703
-3.287674
-6.962797
6.974013
1.434849
-1.141895
6.434589
-0.107318
8.643012
-2.373593
-6.601904
5.416103
2.257751
-8.324658
-4.691454
-4.308171
11.162585
-1.116373
-2.769336
-2.760163
-3.933740
2.838385
-5.367249
-1.372807
-6.886749
-9.639772
-2.506511
-0.087302
-1.211081
-9.672316
-2.569054
12.177859
0.569296
6.395872
10.110452
15.711965
4.940573
6.432900
2.679333
-6.992742
-11.989829
2.996525
5.118251
-10.787347
0.367425
-1.746977
10.227347
-0.107892
-0.413046
-1.468263
-0.953156
6.050379
8.281896
6.954649
0.859568
-10.850702
6.071635
-5.902828
-10.268704
-8.893638
9.472845
-0.709568
-2.675717
4.904159
-1.105435
6.174571
-1.172277
4.221216
-4.236967
-2.843923
9.650708
-7.843541
1.736829
-8.932921
2.025756
-10.990634
-0.759612
10.030573
6.064681
-4.466879
-7.490145
1.732298
1.545311
-3.456553
0.169497
2.561451
-9.657181
8.100910
1.739786
2.537784
-1.287905
-7.963149
7.716675
-0.023091
9.955166
-3.653476
-4.663347
-5.808668
9.414836
7.330614
12.002942
0.346791
-3.984391
-6.136853
-6.717078
5.288166
2.658445
-2.233344
1.585537
-1.165222
-9.710187
5.079582
10.874765
7.288634
11.729172
0.892504
4.832098
3.348392
9.733835
-7.836954
4.258240
2.325157
5.203388
1.852272
-3.992673
-4.611078
-0.820981
-8.718929
10.210898
-1.211276
-8.610647
4.492556
7.643772
-10.117656
6.424673
16.144410
-1.755694
-3.146760
-6.404999
-7.688057
6.776578
-1.492496
-4.174480
2.802371
12.821555
4.381763
-9.806807
12.913108
-2.324408
10.020334
10.940924
-1.634857
-5.606752
-3.662760
-8.001702
-0.613009
11.117189
-9.421921
-2.098327
-1.789992
-1.616217
7.467200
11.386671
8.606620
8.961866
17.333401
-0.435946
-10.278008
-5.962591
-5.308804
-7.376994
-10.463181
6.981315
-2.192612
7.820610
9.974584
-3.244284
-6.284280
6.384894
-0.096155
0.951425
-4.167235
6.535377
8.047110
8.452722
-1.794142
0.881176
1.269337
0.641555
0.424710
-12.124701
-1.489309
2.026532
0.573805
7.957621
1.438308
-13.833682
-4.813580
2.188853
-12.775456
-10.054892
10.825728
1.691622
-3.660630
4.550716
11.568183
-2.592867
-7.013958
8.456159
-6.419011
-0.619949
10.716559
-2.530114
7.616382
-2.355842
7.381457
-4.325350
3.655280
-6.122136
-10.800091
-0.318277
8.217129
10.255128
5.064529
4.846372
-5.832321
3.762420
1.123808
4.992810
11.526784
0.335203
3.074917
1.783182
-11.612879
4.714586
3.722185
6.002568
-10.990494
-5.917008
11.933846
-2.011429
-3.848011
5.115735
5.625827
-0.174129
3.508897
4.024580
-11.131072
-7.713092
-10.183586
-5.758400
-0.956996
-1.820393
8.520565
-9.615371
6.004380
-4.815789
-1.748956
14.966578
-7.334532
8.444842
-10.991521
-4.111232
8.193143
3.875794
-0.372372
6.868483
-0.292688
6.973340
4.589189
-8.462396
-6.517365
6.643293
0.993592
-0.791268
-0.356221
-3.074047
0.622194
1.033253
2.113308
-2.492164
1.715810
0.350051
1.629470
-2.126348
0.777464
-0.137633
-1.456104
-2.934335
0.262541
-0.400607
-1.374892
-0.997117
-1.326713
0.854943
0.833552
-2.352826
-0.701874
-0.706658
0.580815
1.453756
1.278379
-0.910752
-0.042814
0.074864
0.759309
0.369784
1.031546
-1.221702
2.285399
1.189685
-1.320289
-1.391115
-0.137785
-0.465839
0.048523
0.766720
-1.838641
0.268677
-1.230508
-2.074850
2.447099
0.217398
-1.691589
0.702628
-0.406390
-1.899841
-0.691392
1.946672
0.063396
1.945545
0.641386
0.808233
-0.237244
1.480081
0.651288
-3.141382
1.418073
-0.332745
1.307990
-0.762703
-1.653166
1.447514
1.379758
-0.945775
1.399209
0.876614
-0.756204
-1.216664
1.664360
3.874422
-0.027065
-2.073066
-1.095951
1.039944
0.146290
1.131635
-2.956359
2.129226
2.734376
-0.717744
0.099783
-1.600703
-1.215000
-0.909197
0.526473
-0.203778
1.056551
-1.037543
0.075875
-0.777436
0.565852
1.631374
1.073854
-1.466185
-0.887807
1.458334
0.690168
1.750306
1.213290
-0.480620
-1.880196
-0.109995
-0.921175
0.000243
-0.538972
1.081095
-0.039810
0.502434
-0.136799
1.781394
0.908662
-1.157561
0.314579
0.265406
0.270574
-0.475236
-0.882895
0.760498
1.965342
0.049026
2.844218
1.891508
0.558760
-0.444039
-0.797605
-1.045256
1.792130
-1.058406
1.269795
-0.659457
-0.664784
0.658447
-1.054035
-0.228420
1.294676
1.671849
-0.657090
0.813455
-2.240684
0.048528
-1.194920
1.857750
-0.784144
-0.152566
0.988944
0.468912
0.298084
2.035067
-0.627991
-1.617404
2.246821
1.578042
-0.759660
0.051544
-0.833568
-2.728095
-0.074063
0.614548
1.832548
0.754272
-1.020445
-2.425699
-1.212821
-2.447643
0.389706
-0.625300
-0.933571
2.683822
-0.569824
1.497325
0.578496
-0.622473
-0.841097
-2.079016
0.751308
0.707849
2.250495
-2.115557
0.361469
0.292530
-2.164447
-0.379772
-0.286587
1.498946
0.853786
-0.078444
1.055276
-0.220146
-1.510252
-0.049179
0.957236
-0.314760
-0.321625
-0.176940
-0.893408
0.370899
-1.528937
2.117310
0.380670
2.296514
-0.536151
-0.236662
-0.334824
-0.663273
1.727319
1.250065
-0.507449
-1.462954
-0.020200
0.657345
1.234500
-1.659914
2.468361
0.457449
-1.082526
-2.451801
-0.590999
-3.794159
-1.968398
3.301926
-2.869795
0.403016
0.243825
0.971303
0.545655
1.024790
-0.424013
-1.374179
-0.388031
-1.049556
3.318829
0.765075
0.600871
2.089488
1.151931
-4.275875
0.801650
-0.837120
1.703039
1.684028
0.789864
0.854476
-1.310236
2.216364
-2.191218
-1.539278
2.087984
-2.745436
-1.024955
-0.008581
-0.822892
1.746275
-0.217711
0.293127
-0.880425
-1.088396
-0.206281
-0.093298
0.559530
2.299406
0.662599
-0.920919
0.915536
3.907027
-0.158162
-0.410032
-1.472822
-0.175772
-1.560942
-0.535570
0.863243
1.651543
0.808812
0.356091
-0.604080
-1.533777
0.132280
3.671668
0.653682
2.223689
-0.229107
-1.957670
-0.007104
-2.748492
1.342258
1.444504
0.867844
0.349319
0.175809
0.721792
-0.587832
-0.760598
-1.125384
-1.520294
0.846815
1.839076
-1.906403
0.552458
1.732617
-0.063606
-0.887472
-1.271030
-0.155647
-1.105024
1.043652
-0.892232
1.090127
-0.841392
-0.323499
-1.864637
-1.113246
-1.424546
0.061971
1.033240
1.170968
-0.842767
2.894193
0.823121
2.338502
-1.777106
0.102441
-0.106887
-1.635871
0.681964
-1.931590
-1.172909
